              precision    recall  f1-score   support

          AK     0.3919    0.2248    0.2857       129
         BCC     0.5869    0.8614    0.6981       498
         BKL     0.5305    0.3519    0.4231       395
          DF     0.0000    0.0000    0.0000        35
         MEL     0.6483    0.5029    0.5664       678
          NV     0.8060    0.9125    0.8560      1931
         SCC     0.6667    0.0421    0.0792        95
        VASC     0.6923    0.2432    0.3600        37

    accuracy                         0.7143      3798
   macro avg     0.5403    0.3924    0.4086      3798
weighted avg     0.6944    0.7143    0.6871      3798
