              precision    recall  f1-score   support

          AK     0.6579    0.5814    0.6173       129
         BCC     0.8678    0.8434    0.8554       498
         BKL     0.7720    0.6430    0.7017       395
          DF     0.6042    0.8286    0.6988        35
         MEL     0.7684    0.7537    0.7610       678
          NV     0.8941    0.9228    0.9083      1931
         SCC     0.5339    0.6632    0.5915        95
        VASC     0.7660    0.9730    0.8571        37

    accuracy                         0.8346      3798
   macro avg     0.7330    0.7761    0.7489      3798
weighted avg     0.8346    0.8346    0.8333      3798
