              precision    recall  f1-score   support

          AK     0.0000    0.0000    0.0000       129
         BCC     0.4038    0.7249    0.5187       498
         BKL     0.0000    0.0000    0.0000       395
          DF     0.0000    0.0000    0.0000        35
         MEL     0.4959    0.2684    0.3483       678
          NV     0.7052    0.9265    0.8008      1931
         SCC     0.0000    0.0000    0.0000        95
        VASC     0.0000    0.0000    0.0000        37

    accuracy                         0.6140      3798
   macro avg     0.2006    0.2400    0.2085      3798
weighted avg     0.5000    0.6140    0.5373      3798
